noise_g:
  type: VirtualNoisyPairGenerator
  virtual_camera_count: 5
  noise_type: ptrqc
  shuffle: false
  sample_strategy: coverage
  param_ranges:
    K: [0.1, 30]
    Gaussian:
      slope: [0.5407496082896145, 0.6771267783987617]
      bias: [0.799410107756515, 2.079863926921898]
      sigma: [0.21408231874600314, 0.26751211630129734]
    TukeyLambda:
      slope: [0.46210495986526035, 0.6558756156508007]
      bias: [-0.09044499670414502, 1.5370438794284738]
      sigma: [0.23920060971003035, 0.3888189465002228]
      lambda: [-0.24285714285714288, 0.2]
    Row:
      slope: [0.44829219631519307, 0.7292220505388829]
      bias: [-1.7977103277112132, -0.5917002648887661]
      sigma: [0.2321799439489326, 0.29428813016491145]
    ColorBias:
      bias: [-1.9080039, 4.080531]
      sigma: [0.006866596, 3.0379589]
      count: 16
