noise_g:
  type: CalibratedNoisyPairGenerator
  noise_type: ptrqc
  camera_params:
    SonyA7S2:
      Kmin: 0.09391607086816033
      Kmax: 6.010628535562261
      Row:
        slope: 0.5275360468633209
        bias: -0.5917002648887661
        sigma: 0.29428813016491145
      Gaussian:
        slope: 0.5407496082896145
        bias: 1.218237123334061
        sigma: 0.26751211630129734
      TukeyLambda:
        slope: 0.46210495986526035
        bias: 0.5657147358616816
        sigma: 0.2633712220097871
        lambda: [0.11428571428571421, 0.12857142857142856, 0.05714285714285716, 0.042857142857142816, -0.04285714285714287, -0.05714285714285716, -0.08571428571428574, -0.08571428571428574, -0.08571428571428574, -0.08571428571428574, -0.11428571428571432, -0.11428571428571432, -0.14285714285714285, -0.12857142857142856, -0.14285714285714285, -0.14285714285714285]
      ColorBias: [[1.4821642637252808, 1.468152403831482, 1.4833444356918335, 1.4700759649276733], [1.4975190162658691, 1.4802225828170776, 1.4969686269760132, 1.4816200733184814], [-1.0175819396972656, -1.0376642942428589, -1.021530032157898, -1.0378408432006836], [-1.0171579122543335, -1.039219617843628, -1.0185296535491943, -1.0371415615081787], [-0.2604089677333832, -0.2951682209968567, -0.26699188351631165, -0.29447489976882935], [-0.25755608081817627, -0.28967761993408203, -0.261883407831192, -0.2919001877307892], [0.6112956404685974, 0.5769089460372925, 0.6100785732269287, 0.5755235552787781], [0.6052578687667847, 0.5677651762962341, 0.6009282469749451, 0.5605872869491577], [2.0718860626220703, 2.0092039108276367, 2.3060765266418457, 2.2433784008026123], [2.0913448333740234, 2.02018141746521, 2.328244209289551, 2.259930372238159], [-1.3465632200241089, -1.3705782890319824, -1.3488726615905762, -1.365721344947815], [-1.3218611478805542, -1.3641046285629272, -1.3314049243927002, -1.3595291376113892], [-1.5595009326934814, -1.5976678133010864, -1.3204408884048462, -1.3571521043777466], [-1.5529998540878296, -1.6019489765167236, -1.3224984407424927, -1.358526587486267], [1.1709545850753784, 1.0815441608428955, 1.1473132371902466, 1.0724842548370361], [1.1831634044647217, 1.0717991590499878, 1.1786149740219116, 1.0671342611312866], [4.0731520652771, 3.857113838195801, 4.295815467834473, 4.096042633056641], [4.054170608520508, 3.8497254848480225, 4.292275905609131, 4.0853047370910645]]
