noise_g:
  type: CalibratedNoisyPairGenerator
  noise_type: ptrqc
  camera_params:
    NikonD850:
      Kmin: 0.4150393264348262
      Kmax: 26.562516891828878
      Row:
        slope: 0.44829219631519307
        bias: -1.7977103277112132
        sigma: 0.2321799439489326
      Gaussian:
        slope: 0.5634612649498357
        bias: 0.799410107756515
        sigma: 0.21408231874600314
      TukeyLambda:
        slope: 0.4773896839219417
        bias: -0.09044499670414502
        sigma: 0.23920060971003035
        lambda: [-0.11428571428571432, -0.11428571428571432, -0.2, -0.2, -0.2142857142857143, -0.2142857142857143, -0.2285714285714286, -0.2285714285714286, -0.24285714285714288, -0.24285714285714288, -0.17142857142857143, -0.17142857142857143, -0.14285714285714285, -0.14285714285714285, -0.10000000000000003, -0.10000000000000003]
      ColorBias: [[-0.1738256812095642, -0.19395862519741058, -0.16373592615127563, -0.1767560839653015], [-0.1698242723941803, -0.1832185834646225, -0.16195951402187347, -0.16953064501285553], [0.1406174749135971, 0.10373808443546295, 0.02909698709845543, 0.0006720539531670511], [0.13644850254058838, 0.09523888677358627, 0.027103396132588387, -0.00616723857820034], [0.4941723346710205, 0.3575054407119751, 0.23924510180950165, 0.13513998687267303], [0.4991888701915741, 0.36096394062042236, 0.2446119785308838, 0.14081554114818573], [-2.757014274597168, -1.6280231475830078, -2.1685807704925537, -1.078397274017334], [-2.7499122619628906, -1.6163551807403564, -2.167301654815674, -1.0653681755065918], [-1.4160614013671875, -0.6997132897377014, -1.371178388595581, -0.6156176924705505], [-1.4072883129119873, -0.6858112215995789, -1.368516206741333, -0.6091980934143066], [0.4044605791568756, 0.5789880156517029, 0.5337492823600769, -0.2882497310638428], [0.39388400316238403, 0.5643671154975891, 0.5197046995162964, -0.2757141590118408], [0.9373200535774231, 1.48860764503479, 1.128644585609436, 1.6909918785095215], [1.0624126195907593, 1.5926597118377686, 1.2800463438034058, -0.16839821636676788], [2.414917230606079, 3.8367908000946045, 3.03182053565979, 0.3553682863712311], [2.335594415664673, 3.672123432159424, 2.6266863346099854, 0.14196117222309113]]
